 -7.96817810868222E-01
 -3.12061095045122E-01
  2.02926749865648E-01
  4.56395191172929E-03
 -2.89533965486783E-01
 -4.26357796865767E-01
  9.04577554494175E-05
 -5.41890037769340E-01
  8.86499923077078E-03
 -2.70273005777399E-03
 -8.92342837726707E-02
 -7.43455737328766E-01
  1.38233891116107E-01
 -9.56535935277566E-01
  2.27416627191141E-01
 -3.77389050461742E-01
 -3.14638304979688E-01
  1.86699666143182E-01
  4.23235890766773E-02
 -4.01109293351388E-01
 -6.52373525334953E-01
 -6.30867756298670E-01
 -7.50258592026828E-01
 -6.95629030659624E-02
  2.00592759718580E-01
 -2.41276773539288E-01
 -6.72166848692825E-01
 -4.54612146580601E-01
 -3.87964775700666E-01
  2.86918588227328E-02
  1.05207513902992E-01
 -4.08769293125611E-01
 -9.38604016760372E-02
 -1.64729822670929E-01
 -9.68694557530207E-01
 -7.19870308385800E-01
  4.85213816660488E-03
  6.38577589284141E-04
 -4.60158062297825E-01
  1.06262515292858E-02
  9.47680298040155E-02
  7.64588003329664E-03
  2.17778590344860E-02
 -7.52135820791228E-01
 -1.63539678148734E-01
 -9.19518404666138E-02
  3.70898135249510E-04
 -2.92987412915114E-01
 -7.42797982749878E-01
  1.81772656825483E-05
  4.82616291265715E-03
 -7.41242722065660E-01
 -4.33193273414400E-01
  3.07129357549414E-02
  7.76655923204645E-02
  2.38246925523803E-01
 -4.74113439271637E-02
 -6.93937561481466E-01
 -4.67744749326400E-01
  4.45794891938394E-02
 -9.47747956091345E-01
  3.39888583734835E-04
  1.58744090271589E-01
 -8.69842461313121E-01
 -6.44241699972223E-01
 -7.32849056601311E-01
  1.35298206667320E-02
  2.19515939426934E-01
  3.56729409657490E-02
 -1.27591853390101E-02
  2.36700348308399E-01
 -6.71178360252150E-01
  1.12477363482282E-02
  5.88583182764298E-03
  2.37184679813623E-02
 -1.38820692161616E-02
  2.39480561313044E-02
  2.31738656684828E-01
 -2.93021189455580E-01
  1.42260892715096E-02
  1.39869514204803E-01
 -9.48762825985348E-01
 -3.14913046577663E-01
  2.15380928001343E-02
  2.40667695368598E-01
  4.85003998661828E-02
 -2.00054693297780E-01
  1.45062724446769E-01
 -2.72589068510747E-01
  1.33030676324003E-01
 -8.05421541633290E-01
 -5.87010844915051E-01
 -5.69677064297689E-01
  6.02343127825958E-02
 -5.84313522255598E-01
 -4.31785571487869E-01
 -7.91026744476213E-02
 -6.72838196388344E-01
  1.83887477602148E-01
  4.07280406019018E-03
