 -3.07062491286177E-01
  2.74231278338527E-03
 -6.66912716371916E-01
 -3.13156862249133E-01
 -2.57072941163688E-01
  1.38533156970873E-02
  4.78340422771681E-02
  1.42058226438992E-01
  3.10952675942847E-04
  2.04587867163732E-01
  1.44922521852980E-01
  7.06421944308080E-02
 -8.29653615883508E-01
  1.29338763136448E-01
  1.36824700870963E-01
 -8.19554129871240E-01
 -1.00249540333812E-01
 -2.81703206853131E-01
 -1.44421791578278E-01
  1.81163356062271E-03
  4.69446094672036E-03
 -4.45166637586922E-01
  2.34285355622721E-01
 -6.84319786314191E-01
 -1.51853912449503E-01
  7.85372385885341E-02
  2.02367014166076E-01
 -7.36699098856351E-01
 -3.12983971585790E-01
  1.87108931667205E-01
  8.55643371859820E-02
 -5.20677944548141E-01
  6.02265517750333E-02
 -7.36517964197408E-01
  2.07355800940838E-01
 -3.80734564699074E-01
  1.51199100726622E-01
 -1.09485457456113E-01
 -7.62702936059770E-01
  2.46411648134930E-01
  9.28289993323423E-02
  2.14634153992606E-02
  9.67041281352198E-02
  3.68576335745134E-02
  1.52976950400864E-01
 -7.11008448525435E-01
 -7.92121764221015E-01
 -5.51363507415777E-01
  1.30569051404546E-01
 -9.65162389221585E-01
  7.25514706634867E-02
 -1.66804142991503E-01
 -6.14689676068444E-01
  2.46868040287185E-03
 -9.00693010554806E-01
 -8.62822571781937E-01
 -4.81864391533786E-01
 -5.82614792412693E-01
  9.42450185449924E-02
  7.45519490711834E-02
  5.42046394698903E-03
  5.24498918851033E-04
  1.71310256966966E-01
  2.39448649902519E-02
 -4.56169515247604E-01
 -1.25366145783838E-02
  2.35755229033228E-01
 -9.44184886846515E-01
  7.68903553546238E-02
  1.19417819123693E-02
  1.85228982027654E-03
  1.87297933097970E-01
 -1.32606694389201E-01
 -1.48629724379997E-01
  2.00910682272696E-01
  6.18551702833912E-03
  9.35367135353465E-02
 -3.12945836122422E-01
  1.76004379496350E-01
  2.14534288928357E-01
  1.91032539702534E-02
 -2.20044538218262E-01
 -9.78274994225763E-01
 -2.62108378708600E-01
  1.60293966620719E-02
 -4.97960843561183E-01
 -2.95666230948401E-01
  8.43053512018814E-02
  9.28385215414082E-02
 -4.75836349029547E-01
  2.45517583928242E-01
  7.99229607885190E-03
  1.55521139485580E-01
 -9.70416645506217E-01
 -1.07630993844432E-01
  2.22001620387078E-01
  7.09359762744731E-04
 -1.04987717725234E-01
  7.11218708541478E-02
  6.45717318374836E-02
  6.28893444264593E-02
 -4.69458323812804E-01
 -2.37277083064414E-01
 -6.19957387675216E-01
  1.66097503536625E-01
  1.45554173183473E-01
  6.57627684492657E-02
  1.43393487039370E-01
  1.19171240680066E-04
 -3.27697526969247E-01
  5.27778909151866E-02
  2.39326835442863E-02
 -5.57497013670108E-01
 -9.16665688669156E-01
  6.60264810897618E-02
 -7.03991329650119E-01
 -5.90254108250591E-01
  2.37974578822081E-01
  7.63890159039376E-02
 -3.24486366282062E-01
  2.04863509484793E-01
 -9.64311837930623E-01
  1.01765756838531E-01
  1.16133081903770E-04
  4.46074440985991E-02
  1.87961675406430E-01
  1.12231517326088E-01
 -2.60134354136112E-01
 -5.37249611700423E-01
 -2.70982781191441E-01
  1.86126355616253E-01
 -3.82274402016896E-01
  9.94736137852601E-02
  2.39879030167900E-03
  1.34141941962206E-02
 -7.72418146023819E-01
 -1.69604052828054E-01
  2.67259411594052E-04
  4.84037258351757E-02
  5.35268067548776E-02
  1.49752861837547E-01
 -2.52009159518891E-01
  1.12839423939803E-02
 -5.27563971860811E-01
  1.40753846825024E-02
 -3.06962918695048E-01
  1.28230744914489E-01
 -6.14110763157727E-01
  4.32101450743797E-03
  6.04944271140061E-03
  1.22324419179867E-02
  2.48731541976732E-03
 -3.27690474332024E-01
  3.67652263555448E-02
 -4.31636520508180E-01
  9.85986646706153E-04
 -6.93672691559529E-01
 -3.53275620584096E-01
  1.29179714582535E-03
 -3.54021068431789E-01
  2.60461697647880E-03
 -8.49847361057936E-01
  7.99435741892285E-02
 -5.77624492485977E-02
 -8.12683366879509E-01
  9.42381707556439E-02
 -7.98272204474596E-01
  3.66164277534970E-02
  9.36299482681502E-02
  1.54524889302848E-01
 -8.47088366289801E-01
  4.63142343951426E-03
 -7.00480888936021E-01
  3.04930777107458E-02
 -1.66461615600803E-01
 -2.27892229058015E-02
  6.36539297827096E-02
  1.61270585872356E-01
 -4.52753576284246E-01
  5.51095755701997E-02
 -9.07854971939597E-02
 -6.99537317063548E-01
 -1.61845754326850E-02
 -4.01754823152654E-01
  1.24751279134951E-02
  1.58322427723303E-02
  1.16713535660616E-02
 -5.10986135507547E-02
  1.43582123944183E-01
 -4.59075265002977E-01
 -1.24422562666166E-01
 -6.36745739429401E-03
 -3.04733450391153E-01
 -8.89115158292809E-01
 -1.11383067944584E-01
  1.76307627192762E-01
 -9.03803921858590E-01
 -5.40725543893929E-01
 -9.65252933728592E-01
  3.27488191970310E-02
