  1.55357656217673E-03
 -8.49032898701592E-01
 -9.66914124055066E-01
  1.32740253232102E-01
 -2.57157727557360E-02
  1.13079793234460E-01
 -1.26613182054067E-01
 -3.99467047226375E-01
 -6.15720400646819E-01
  5.42113845603607E-02
  2.97367119852074E-03
  8.14224418769949E-02
  1.28951234141563E-01
  1.08832741495807E-03
 -8.32610226922538E-01
  5.44797120701295E-02
  2.14827234580434E-01
  8.06216606558107E-03
 -9.49244434030720E-01
 -7.81357768864951E-01
  5.29041900008452E-02
  1.74090716372883E-01
 -2.66779874931644E-01
 -1.07560242337503E-01
 -9.16399162295919E-01
  6.29289472648649E-02
  1.94603792822556E-01
 -3.95516774436467E-01
 -9.22132803382008E-01
 -9.79454668862606E-01
  1.41011123757443E-01
  2.62282918755476E-02
 -5.94803599282258E-01
 -5.20910244465202E-01
  1.38007835779500E-01
  1.80213996247212E-01
  7.32851627236119E-03
 -2.63119592277859E-01
 -9.91406394209804E-01
 -9.12397457186321E-01
  8.14204266438536E-02
 -5.65938846650167E-01
  4.58854711757514E-02
 -8.58798137456406E-01
  5.58528308654972E-05
  3.16643287327409E-02
 -3.21062201168583E-01
  4.87248850492766E-02
  4.48839467495916E-03
 -9.02093476981104E-01
  1.74288367404139E-01
  1.83679394962333E-02
 -7.44109520230777E-01
  1.62965060530121E-01
  1.61277159672811E-02
  2.05880622956196E-05
 -1.71184388360408E-01
 -2.09763306823304E-01
  3.50150375700244E-03
 -1.01100204541285E-01
 -1.58180008710356E-01
 -9.60710937951715E-01
  1.67104685684718E-01
  3.90293682443099E-02
  8.73526792071971E-03
 -6.40625325128170E-02
 -8.86849716519588E-01
 -3.89572929842654E-01
 -9.45960591033958E-01
  6.81505497488123E-02
  2.60195365982384E-02
  5.83310969155744E-02
  8.89821964395326E-03
 -6.83531277756551E-01
 -7.66411391055198E-01
  1.38298582743156E-02
 -1.02401224022643E-01
 -8.28016193089342E-01
 -1.94686540946815E-01
  6.25783729681808E-02
 -3.82276525089067E-01
  1.85047457362208E-01
  6.64703312811096E-03
  1.21987211480599E-01
 -8.02319056069696E-02
 -3.58884728857428E-01
 -8.09128640308979E-01
 -5.39715388337618E-01
  9.31865726280021E-02
  1.73905855605376E-01
  5.59621362205417E-04
 -1.30987577786409E-01
 -6.60567345707255E-01
  9.63425219202679E-02
 -4.27618546022825E-01
  7.29684648041295E-02
  2.28157498892407E-02
 -8.73196871237316E-01
 -8.71495627260611E-01
 -5.46954092584143E-01
  2.12919472153003E-01
  6.10378025398662E-03
 -3.00803164191489E-01
  1.60620865390071E-01
 -3.91415307137037E-01
 -4.29001163255742E-01
 -5.44073613459226E-02
  1.87265619955848E-01
 -8.79809070465744E-01
  1.90910618353918E-02
  5.65457070222724E-02
  5.16205746635104E-02
 -2.73834043328607E-02
  9.83307303759608E-02
 -4.14639607019767E-01
  2.42438210415081E-02
  2.17028539656420E-02
  1.29097892417513E-01
 -7.23132742028751E-01
 -8.91131617741616E-01
 -5.45276330229097E-01
  1.94613592730057E-01
  4.12739720006815E-03
 -3.41055572906841E-01
 -8.60681348720452E-01
 -1.02869063802012E-01
  2.62024692842498E-04
 -4.50970388991473E-01
 -3.40640297093731E-01
  2.26170889626206E-01
 -9.69165270454000E-02
 -8.55825349045471E-01
  2.74092874396079E-03
 -3.14550798042192E-01
 -8.88007504167820E-01
  4.87244709399543E-02
 -9.35636784985193E-01
 -4.81232734856543E-01
  1.75112179251494E-01
 -1.30114566486276E-01
  1.92340715580743E-01
 -7.81320384523004E-01
 -2.83062506294505E-01
 -1.75241138906918E-01
  1.71714831628657E-01
 -6.79000970207969E-01
 -6.78270158605166E-01
 -9.55151977949140E-01
  1.69211651540387E-01
 -5.73774704139856E-01
 -9.54907428271880E-01
 -8.67702561273584E-01
 -3.72573610801713E-01
 -3.44146895462015E-01
  2.33466964568520E-02
 -4.92267380981986E-01
  4.17459545177838E-03
 -9.71323852963427E-01
  9.00882523537488E-02
  3.25803840924566E-02
 -7.08076381903136E-01
  8.24557054072537E-02
 -7.19723164426900E-01
  8.85655719002503E-02
 -3.95732406769746E-01
  8.42184802855024E-02
 -8.34171612653791E-01
  3.82402782514289E-02
 -9.08169112695273E-01
  6.67574785182567E-02
  1.98873303138671E-01
 -1.15970795135205E-01
  5.23087742393529E-02
 -9.36217412532621E-02
 -8.61157336496874E-01
 -9.35808754547074E-02
 -2.55836431845093E-01
 -1.19174128961283E-01
 -7.74418977549960E-01
  9.52924723175960E-02
  2.38048222385209E-01
  2.47921748039485E-02
  1.47162880134976E-01
 -1.90612849760208E-01
  2.45792769908140E-01
 -8.39720398131993E-01
  1.70575415595636E-02
  1.11833595335620E-03
 -2.75409623243476E-01
  1.49506759416251E-01
 -5.41343759089289E-01
  6.39279027436041E-02
 -6.58317846852693E-01
 -3.26929293917663E-01
  1.98443288151894E-03
 -4.42843970582464E-01
 -4.94624722613213E-01
 -8.44258249330861E-01
 -9.33476062640024E-01
  2.25509118941150E-03
  8.58676728721209E-02
 -1.60750632518516E-01
 -9.07952116595141E-01
  3.85038061628398E-04
  1.39302863313081E-01
 -5.02984021560453E-01
 -6.30112654906971E-02
  6.89383619823716E-03
 -5.04982353060087E-01
 -6.02640998862631E-01
 -9.29136365953376E-02
  1.86786489653295E-01
 -4.72142126278863E-02
 -6.34362556858109E-01
  1.13595613916273E-01
  2.09105520005717E-01
 -9.33291703701667E-01
  4.73409605036479E-02
  1.36997123200658E-01
  4.71738280092192E-02
  1.28074007735289E-02
 -6.13676950796564E-01
 -7.15165017172980E-01
  5.90757060477972E-03
 -8.67584345942364E-01
 -3.50810382021483E-01
  3.60374331001221E-02
 -6.31863706703310E-01
 -3.38174911910774E-01
  2.28619701175228E-01
  2.71602846686953E-04
 -7.52868991247557E-01
 -7.47145151941207E-01
 -8.71656162871627E-01
  1.71199141653182E-01
 -8.01250458890493E-01
 -3.60845381482582E-01
  2.19964634576218E-01
 -7.51450209950062E-01
 -4.00786878091989E-01
 -8.02355138932279E-01
 -1.03820844646937E-01
 -9.02341337624518E-01
 -2.14300775358343E-02
  1.09493608173042E-01
 -4.59039705715699E-01
 -4.46090789723960E-01
  1.49375121979144E-01
  1.91436590799470E-02
 -8.80507996971970E-01
  1.11371013775428E-01
  2.49822654712792E-01
 -1.27674356377089E-01
 -5.95414869986011E-01
  2.06939819773521E-04
  1.00234059497831E-01
 -4.03165474449463E-01
  6.49082470980488E-02
  3.10830246308853E-02
 -1.43134962333216E-01
  9.96537168595234E-05
 -9.83094059761533E-02
  1.66203632064736E-03
  2.53354632696847E-02
  1.64811447984004E-01
 -6.27816634541317E-01
 -8.51858134658538E-01
  1.78291540836426E-01
  1.88527989424958E-01
  7.54087978838409E-03
  1.89056711307509E-01
  2.83682545117414E-02
  1.05143015081230E-01
 -8.21342107463103E-02
  5.52489482111549E-02
 -4.39816571816606E-01
  2.70991200438963E-02
  9.57781944015477E-02
  9.85096810083314E-02
 -8.65324814557174E-01
  1.24621940588736E-01
 -6.52877154089157E-01
 -3.39234667796571E-01
  5.75634639390877E-03
 -7.98869218868992E-01
  6.68925423041983E-02
  2.28026394950478E-02
  9.19648723175634E-02
  1.35472757718417E-01
 -9.60161319796691E-01
 -8.33792006341130E-01
 -4.28016205746634E-01
  7.20955548968379E-02
  1.65126745179752E-01
 -9.62762880162612E-01
  6.75114390519786E-02
  4.10925952828913E-03
 -3.22830434185751E-01
  1.45214872783991E-02
 -6.48693946731419E-01
  1.75531802533396E-01
 -4.51166667598401E-01
  2.81693494713663E-03
  2.53655267098414E-02
 -1.68242747804226E-01
  1.78134054089730E-01
 -7.45330068738501E-01
 -7.51220983686489E-02
 -4.19806515944131E-01
  1.22183876792035E-01
  9.84438693834980E-02
  1.78714179260527E-01
 -1.42722578832989E-01
  4.66276132532206E-04
 -2.28615054274555E-01
  8.39350745530573E-02
  1.68619139073328E-01
  1.44244275671226E-01
 -2.62819122577916E-01
  5.03033047747807E-02
  1.04247256731251E-01
  2.12302077547235E-03
  8.77928663577685E-02
 -1.38219392251332E-01
  1.42158273351033E-01
 -9.76919656674551E-01
  6.58624361410145E-03
 -7.08959401272440E-01
 -5.19834021899654E-01
 -8.28491695085198E-01
  8.98296752628019E-02
 -1.41618461981847E-01
 -2.90812806238264E-01
 -6.83452513537943E-01
 -1.54020121404053E-01
  2.72378292885767E-02
  7.80856073741805E-02
 -1.77348023665963E-01
 -1.97286234284369E-01
 -8.15330945616018E-01
  6.24048459220188E-03
  1.08367597847349E-01
 -8.01722546732691E-01
  1.42381601701006E-02
  1.92295327530155E-01
  1.96361245316965E-01
 -3.50747591959861E-01
 -7.84337164798392E-02
 -3.54079257839607E-01
 -4.15745752242380E-01
 -1.86774563364827E-01
 -7.39628973062463E-01
 -3.24595009317141E-01
  5.47506299121929E-02
 -6.74173014590024E-01
 -3.74662783709678E-01
 -3.65896527204501E-01
  3.87000933757847E-04
  1.16131050716170E-02
 -5.03493603193979E-01
 -5.25743578845318E-01
  2.33571111424896E-03
  1.48534423770737E-02
 -3.09102017386897E-01
  8.21432154406113E-02
 -2.60831781436869E-01
 -2.92470466413434E-01
 -3.46233066746858E-01
  1.24291143279824E-01
 -2.96097696420121E-01
 -7.32847875976435E-02
  1.70080511720788E-01
 -7.54003870921870E-01
 -8.56533717646653E-01
  2.98649851652531E-02
  1.92750954215074E-01
  6.52887392850243E-02
  6.58496068732902E-02
  3.97694090391538E-02
 -5.82273862193992E-02
  7.59690094787895E-03
 -6.30879002127837E-01
  2.15923193594245E-01
 -3.08122041812975E-01
  1.57078702511993E-02
 -5.07643959493496E-01
 -7.09420635412955E-01
 -6.68092146343690E-01
 -2.70350510717802E-01
 -7.95374020237541E-01
 -4.39133314926770E-01
  1.83251976150939E-01
 -3.84493774455776E-02
  2.40434056771747E-02
 -3.43905353541556E-01
 -1.72285028962122E-01
  4.55909288897943E-02
  7.99653297449564E-03
  2.28368409463818E-02
 -2.32500967178568E-01
  4.30492719037926E-02
  9.69860858210609E-02
  1.65780872456151E-01
  3.87362378953264E-02
 -5.11768103489860E-01
  1.02268724101352E-01
  1.15532717567820E-01
 -6.08552329529885E-01
 -8.50763550997041E-01
  3.59191626153654E-05
  8.48942909281574E-02
  1.21916598963355E-02
 -3.92044652156553E-01
 -4.24324534686562E-01
 -6.95451955415603E-01
 -7.03404652708961E-01
  5.09268409397573E-04
  2.06416219424200E-01
 -4.48235428905326E-02
  2.76131614530434E-02
  1.29134340274001E-01
 -4.78384483853194E-01
 -4.26925027236658E-01
 -5.72880995334569E-01
  1.41056170007514E-01
 -1.59099941912653E-01
  4.73923107422565E-02
 -5.25714757708520E-02
 -4.50965262797249E-02
 -4.99987699042336E-01
 -7.73659990027660E-01
  3.82746724561493E-02
 -6.00432245663898E-02
  4.84945348344309E-03
  1.84986609613206E-02
  1.22189135076754E-01
  1.05738098103732E-01
 -4.92432719054972E-01
  2.22851518767131E-01
  7.95977374821381E-02
  5.81110374596277E-02
  2.21360148468822E-02
 -4.81958149506229E-01
 -8.20328277148781E-01
  8.64448497468064E-02
 -7.64825869106675E-01
  1.97598183506500E-01
 -1.59390999313249E-01
 -4.24512877963216E-01
 -4.04192354425341E-01
 -4.95853869018793E-01
  1.99713685115652E-01
 -5.90892990602534E-01
 -4.92718316070713E-01
 -1.91899546174860E-01
  1.44654036325753E-01
 -9.50533225551756E-01
 -1.54843983178556E-01
 -3.11864694729992E-01
  2.13616177516647E-02
  9.05034470945812E-02
 -4.43607813480338E-02
  3.64896370779071E-04
  5.69453265462413E-02
  2.47830287369531E-01
 -2.72404496090157E-01
 -4.87711983233654E-01
 -1.84628182377632E-01
  6.74254339929903E-03
 -3.54361692997223E-01
 -7.11241013420118E-01
 -4.74051100099371E-01
  1.62573238442349E-01
 -3.77039257624008E-01
  4.35141327124068E-02
 -1.54947709499675E-01
 -6.87932512945528E-01
 -6.71354806382449E-01
  1.75588878248487E-01
  4.92462736517364E-02
  1.55178772273602E-01
 -7.74225722928094E-01
  8.74421067959598E-05
 -4.77764455578278E-01
  8.02460607847984E-02
  1.27900898787215E-01
  9.71002442981403E-03
  7.18983291842372E-02
 -6.30508244280657E-01
 -8.87389358081723E-01
  6.87763218093863E-03
  9.53636013008149E-02
 -5.83417048041615E-01
 -1.53689663603995E-02
 -3.12394485179437E-01
 -3.74280471199457E-01
  3.83924478364249E-02
  2.22116935637137E-02
 -8.76071780348625E-01
  1.20925152580149E-02
 -3.35735170314262E-01
 -8.66379875628526E-01
 -2.56389950395330E-01
  4.94106788885219E-03
 -2.70967121811342E-01
  1.14448414863004E-01
 -7.96385415971446E-02
  6.19529936739056E-02
 -2.51767109620060E-01
 -2.51289267594948E-01
 -1.02588731468594E-02
 -6.15978754744787E-01
  5.55394094109846E-02
 -6.42715066869364E-02
  7.43155022605509E-02
  1.59056609552101E-01
 -8.85955328664728E-01
  2.23281597441813E-01
  1.30693810679850E-01
 -5.61112437500470E-01
 -2.84605766815167E-01
  1.11928387380908E-02
 -1.99803611578564E-01
  9.38974547982172E-02
 -5.50492829661898E-01
 -1.36681806697882E-01
 -3.54877693141552E-01
 -6.36743131720347E-01
  2.23589733331764E-02
 -2.16341848833623E-01
 -7.58297284397905E-01
  3.73763920839420E-02
 -5.51612400307973E-01
 -7.67664623176008E-01
  4.00355899304906E-02
 -9.38085747460871E-02
  7.66553810563679E-03
 -5.17844500190142E-01
  5.51946204773155E-03
  1.82424112962659E-04
  5.31296769864672E-02
  1.89090707082836E-01
  2.27985634648676E-01
  2.26653736345995E-02
  2.39820598310816E-01
 -7.74127209225789E-01
  1.64101572750208E-01
  1.49008404014372E-01
  7.19608952148258E-02
  4.06540304765476E-02
  8.59567009252496E-02
  1.65859534972149E-01
 -8.03954939940425E-01
 -7.68756630403456E-01
  5.43488491871681E-03
 -8.03830884416057E-01
  7.29066659912127E-02
 -1.55400372713456E-01
 -7.32544996333438E-01
  3.76308932214044E-02
 -4.61567871617967E-01
  1.49941246195583E-01
 -7.17405424146391E-01
  2.00174221459342E-02
  1.90161855425502E-01
 -2.59485201337085E-01
 -1.74788992344426E-01
 -5.54796544429055E-01
  9.94508871528102E-03
  7.80788124155153E-05
 -9.72056444173998E-01
 -9.44746823754564E-01
  1.71934825886826E-02
  1.80494633823855E-01
 -3.09865282874249E-01
  5.49680234571103E-02
 -8.28057905631866E-01
  1.75860011702946E-01
 -8.80097460323264E-01
 -7.73834986043702E-01
  4.98802016801810E-03
 -4.73535902734817E-01
 -8.47244789469506E-01
  1.33217999916285E-01
 -5.27351733772381E-01
  1.31523513557595E-04
 -8.14738039240631E-01
  2.20910041709625E-01
 -1.02041871133571E-01
  2.43108530453016E-02
 -5.07000229594780E-01
 -5.47663871821062E-01
  3.12739422227265E-02
 -3.58154398432284E-01
  2.28784523572958E-01
 -5.24533017102829E-01
 -1.96342360579516E-01
  8.87842526218042E-02
 -2.87711717676547E-01
  1.66634909381823E-01
 -6.07744457461611E-01
  3.02936550750135E-02
  1.59988094157523E-02
 -9.48442931696847E-03
  6.41684792303894E-03
 -3.93825207616220E-01
 -3.20212292903808E-01
 -6.03018067831582E-02
  2.09165931193457E-02
  2.85418605648507E-02
 -6.99895015893930E-01
  8.19638910582712E-02
  2.35771250998460E-01
 -4.43015336113944E-01
  2.32668033347639E-01
  1.13991020315385E-02
 -9.23351197583808E-01
 -8.26059061765029E-01
  5.02808805208336E-04
 -3.41484050946724E-01
 -6.36248929844487E-01
 -6.89845354226180E-01
 -7.51132087478069E-01
 -9.16152373063328E-01
 -1.87190831697064E-01
 -2.34824872107914E-01
  1.72255896058960E-04
 -7.33628977422399E-01
  1.87016347396830E-01
  7.27249600227582E-02
 -7.97581178841278E-01
  1.99764513175329E-01
 -1.44974152303580E-01
  8.02658120958016E-04
  1.61973184429657E-02
 -8.78681628228930E-01
  2.24267573727180E-01
  1.05088345213977E-01
  1.36912702599865E-02
  3.92031600530563E-05
 -2.31193818019473E-02
  5.38807310028534E-03
 -1.98892708889133E-01
  3.37461197420978E-02
 -7.61486861926765E-01
 -9.43805542509115E-02
 -1.97603206145940E-01
 -4.64033530622956E-02
  3.57395026255232E-02
  1.10848711113787E-01
 -6.86238307647864E-01
 -8.92435586872699E-01
 -1.58312739320815E-01
 -7.30255859532000E-01
  2.25096713618454E-01
  8.10305079999113E-02
  1.12547979468601E-01
  4.09858829762799E-03
 -8.66710015080972E-01
  5.08020076878308E-02
  1.05555539371810E-01
 -2.93103996699294E-01
 -7.43570265567943E-01
  2.88971813542349E-02
 -2.99796554792082E-01
 -5.83070787016991E-01
 -9.68639533557913E-02
  1.73366001843033E-01
 -8.58353206171977E-01
  8.67797281192501E-03
 -4.90762521077360E-01
 -9.78961526058982E-01
  2.40345994944409E-01
 -6.84367255144780E-01
 -7.09070679678373E-01
  1.64763717855739E-02
 -1.40122000261732E-01
 -4.16711081321448E-01
  1.29372741854493E-01
  1.81383359308071E-03
  3.64611304286900E-04
  1.55001904833474E-01
 -9.60238301440016E-01
 -1.68572532075838E-01
  2.02000317841578E-02
  9.02517449454199E-02
  2.86068570853508E-02
  4.98902189488785E-02
 -6.31076803653728E-01
  1.63071237871633E-02
  1.15139018031792E-01
 -8.78543158080410E-01
  6.01403650113762E-02
  1.88359594233422E-01
  7.12565094189176E-02
 -6.96164850009343E-01
  1.50043801801756E-01
 -3.86211241985604E-01
  5.61815461422215E-02
  1.72450967631709E-01
  1.42170095499029E-02
 -2.46032197706421E-01
  3.74893900782009E-02
 -3.31890792557072E-01
 -7.24062666482779E-02
 -3.62341027378546E-01
  1.78076425940837E-01
  1.31349528850069E-01
  6.55813963318692E-02
 -5.72448819485215E-01
  8.87751519586281E-02
 -7.94502670408044E-01
  1.52715965128248E-01
  3.52536009538160E-03
  1.83239476006080E-01
 -6.95390956881017E-02
 -9.17801783806481E-01
  1.79160266732538E-01
 -5.35379656619013E-02
  2.26589896068566E-02
  8.49370821659080E-02
  6.62961617970597E-02
 -7.97692067943382E-01
 -1.39348738491752E-01
 -6.40991961820137E-01
  5.82011894270194E-02
  2.06412050320737E-01
 -2.65415794579167E-01
 -2.07991239058739E-01
  1.81054827266660E-01
  8.03592118041932E-02
  5.14835892062533E-03
  1.08397074362992E-01
 -9.73871942054612E-01
 -8.40684262992375E-03
  3.58784322051449E-02
  8.23698211585132E-02
  6.30693434532715E-02
  7.42025910260761E-02
 -4.11665899129950E-01
 -8.53266489657242E-01
 -3.91980232601745E-01
  2.37789356006181E-01
  2.42120505167509E-03
  1.42693659638635E-01
 -7.31930564831164E-01
  4.84694739094235E-02
 -3.50077512484333E-01
 -6.96286492696227E-01
  1.53249994718704E-02
  1.72719481375688E-01
 -8.89849185631894E-01
 -7.25098029794304E-01
  3.48076215304358E-02
 -1.40212779745126E-01
  5.08724754951435E-02
 -3.51785393563713E-01
 -4.53604037710355E-01
  1.19115516733699E-01
  4.30672903894808E-02
 -5.22255747082803E-01
 -1.09015968231185E-02
  9.05060168003430E-02
  3.37137517843065E-02
 -8.63502350983631E-01
  2.40323747447934E-03
 -7.19920166393581E-01
 -3.04171173299536E-01
  5.74486309511582E-02
  7.27324864891720E-04
  1.37429180438475E-01
 -9.63053789875195E-01
 -4.06822487209574E-01
 -6.54477846946600E-01
 -4.94633037413690E-01
 -2.78230883071614E-01
 -1.96246961200028E-01
 -6.38985647173909E-01
 -9.14423853865614E-01
 -7.36875334676081E-01
 -3.93333891234185E-01
  1.03924030037812E-03
  2.09709839539595E-01
  6.61281884920539E-02
 -4.23899271073022E-01
  1.19674780949266E-01
 -8.93706991699818E-01
  2.10859195203515E-03
 -1.00154297689873E-01
  2.38039924849383E-01
  7.48668716429371E-02
  1.23841696722681E-02
  2.07014190815773E-01
  2.32465521708387E-04
 -4.64356197113952E-01
  1.83182759309402E-02
 -4.79472661235921E-01
  4.05405914872536E-02
 -6.93816647700255E-01
  1.96505142384657E-02
  4.44872329961492E-03
  1.25055536473911E-02
  8.16990423176856E-02
 -9.37121180586187E-01
 -2.50775536052797E-01
  4.98326148757077E-03
 -3.46339014098404E-01
 -7.06654362464088E-01
 -9.94184305702061E-01
 -4.30461619796931E-01
  1.50380225983632E-01
  1.92616695558519E-01
  1.01511639317779E-01
 -7.71025607383851E-01
 -1.87286842247567E-02
 -6.65635750674593E-01
  2.32781304562383E-01
  1.84696049898158E-02
 -4.44857892815391E-01
  9.87037489665444E-02
 -1.55028132917082E-01
 -3.06563390609258E-01
 -7.38241730520167E-01
  2.72671174572715E-02
 -5.87347073958055E-01
  1.36092281119798E-01
  4.98192985238431E-02
 -9.89398447073511E-02
  4.83696828821035E-02
 -7.25356911897177E-01
  2.19970944494870E-02
  1.75394509439369E-02
 -7.93269233449760E-01
 -8.43486297601801E-01
  5.66629965380387E-02
  1.14036947895154E-02
 -4.88040442352144E-01
 -2.33051353130894E-01
 -1.38813967033945E-01
 -3.52153946963558E-01
  3.88811937148814E-02
 -1.42925650889370E-01
  1.54441593070088E-01
  3.11274954352276E-02
 -9.33851267984792E-01
  1.05726030743535E-01
 -2.38065802917584E-01
 -2.36192581405755E-01
 -6.43859365509163E-02
  6.23205492653925E-03
 -2.18644475808156E-01
  1.09629876616640E-01
 -1.61150027417285E-01
  1.32347563095855E-01
 -2.27442715442652E-01
  1.98947265453414E-01
  2.73999149643965E-03
  3.74502002328819E-02
  1.28404788534495E-02
 -9.71095815881639E-01
  5.45231304420364E-02
  7.59094983681008E-02
  2.68935862366499E-02
 -6.07621368396399E-01
 -6.41325287756854E-01
  2.93781557074723E-02
  1.68310286056046E-01
  4.40641286912190E-05
  9.61533503905316E-04
  7.55106138949724E-03
 -6.35089941706235E-01
  6.03085448206960E-02
  1.29938874128857E-01
  5.22791610281517E-02
  5.06666339327203E-02
  4.04520392466940E-03
 -5.36148819988711E-02
 -3.90282386047130E-01
  2.01787517071230E-02
 -9.42427813479152E-01
  7.59011116689983E-02
  3.30180009841041E-02
  1.29100168237679E-01
  2.28355244845710E-02
 -2.51284366389931E-01
 -6.22929273595349E-01
 -6.21395589796442E-01
 -4.61057396257559E-01
  1.62068622488785E-01
  1.64027236715427E-01
  8.25896127162796E-02
  1.04999327054739E-02
 -6.87410722367389E-01
 -1.21803388305389E-01
 -1.71403917848265E-01
 -2.57933810201453E-01
 -9.07985898155689E-01
 -3.46956375679614E-01
 -2.23196404779355E-01
  8.66087028417632E-02
 -9.48573012634892E-01
 -5.85365967789064E-01
  5.66964607676565E-02
  2.57637339066430E-02
  1.06963173012363E-01
 -3.68414394120451E-02
 -4.58418285475153E-01
  7.07492348221818E-02
  6.99040338590057E-02
  7.82354619054244E-03
  2.63638566030808E-05
 -1.58552501138771E-01
 -7.81321860251450E-01
  5.15382732437922E-04
 -8.82166506873991E-01
 -1.10219312422134E-01
  1.06949089297920E-02
 -6.52581777497601E-01
  2.48072900449838E-01
 -3.20765715522061E-01
 -2.19907449644103E-01
  4.08332647053785E-02
 -3.63051452539283E-01
  9.46794211178913E-02
  2.41840938887298E-01
  1.83813272765741E-01
  7.81272370945727E-02
  4.51581291322819E-03
 -8.80682400490981E-01
 -4.68214215487695E-01
 -9.23005817136076E-01
 -9.73399958371539E-01
 -9.81806781882837E-01
  7.80496644026693E-03
 -2.01112685542122E-01
 -1.76050436011074E-01
  1.94887167170588E-03
 -6.50112314913447E-01
 -1.06893015007378E-01
  2.45223034381747E-01
 -1.33843756405070E-02
 -7.21978348596354E-01
 -1.80048671652017E-01
  5.12188601663180E-02
  1.51193828151727E-02
  1.13086905387543E-05
 -3.74846216205126E-01
  1.86431572478470E-01
 -2.83042274543186E-01
  7.20504052875513E-02
  4.23803672153871E-02
  1.16963437060762E-01
 -1.11966515419710E-01
  5.12951676395760E-02
  2.30406840362558E-01
 -8.25375228456051E-01
 -2.34696342397680E-01
 -4.98652401446502E-02
 -4.11289161496117E-01
 -1.79962400464587E-01
 -7.00328518805176E-01
 -5.66805601487833E-01
 -1.54368443067332E-01
  4.61105347420801E-03
  1.79127298663616E-01
  1.34006841532764E-01
  1.06956492380141E-01
  1.00550377393879E-02
 -1.41298786383178E-01
  2.47260442191401E-01
  1.58445079207169E-01
  3.31598891972259E-02
  1.84779182661714E-02
 -4.17319278113996E-01
 -3.74148539293008E-01
 -9.48345371808154E-01
 -3.81742692914399E-01
 -7.51649695405847E-01
 -4.42440913700080E-01
  8.94426393809342E-02
 -1.68924024341756E-01
 -4.10804682888518E-01
 -4.81328831585832E-01
 -3.47410000741446E-02
 -6.86239958808597E-02
  3.48440006111386E-04
 -2.65555327909981E-01
  1.97776274411526E-01
 -8.12716549169249E-01
  1.07076322677108E-01
 -1.17893891220480E-01
 -2.82166722508276E-01
  1.52652063169024E-01
  1.52125786559199E-01
  3.55878565406315E-03
 -7.33638750377847E-01
  8.64512825051009E-02
  7.06643140097519E-02
  1.24608078269278E-01
  1.03146706377818E-01
