 -4.01842426398175E-01
  6.17013175952554E-02
  1.98650199499843E-01
  2.06387872606516E-02
  1.61256927105141E-01
 -7.12202408558519E-01
 -2.63135063823957E-01
 -5.40816185680528E-01
 -4.67285394251714E-01
 -3.08111875264919E-01
  6.70223061814346E-02
 -3.78931366736627E-01
  1.09348987660397E-01
 -4.72391382570935E-01
  4.93152143837176E-03
 -2.45346419189599E-01
  1.04094688472975E-01
  6.64491585708704E-02
 -7.08071124323292E-01
 -1.73817502081538E-01
  1.87147368082720E-01
  1.24265577825955E-02
  1.78864317615810E-02
 -6.15653525564744E-01
  1.19067015879253E-01
  2.67107675225056E-02
 -9.25204948545354E-01
 -7.70118299369972E-01
  2.86928862593194E-03
 -1.12822797175257E-01
  9.02792772142417E-02
 -8.21450581435945E-01
  3.68436507606065E-02
 -1.18644851434968E-01
  1.00198580610076E-01
 -3.12965130361280E-01
  2.06759335941839E-01
  1.75610792938114E-01
  2.28766339930833E-01
  2.45341533888370E-01
 -6.92378836234040E-01
 -5.65991171713026E-01
  5.71842371051151E-02
 -2.13670825236742E-01
 -5.70657387271250E-01
 -8.14646907332694E-01
 -5.76251819505659E-01
  2.30774305585667E-02
  4.99310219487764E-02
 -1.53045199349543E-01
 -2.81983963963661E-03
  1.38963208730556E-01
  2.98190582277438E-02
 -3.25248964430182E-01
  2.14246665468387E-03
  8.38724627507677E-04
  1.08883174317357E-02
 -7.44956317735527E-01
  2.35111355947291E-01
  9.82854067822466E-02
  1.04768246671720E-01
  1.04794066772740E-01
 -5.13512317187798E-01
 -9.41734981087603E-01
  8.50434843414950E-03
 -3.39373739774323E-01
 -7.11437343949912E-01
  2.10979657220226E-01
 -1.59767575906280E-02
 -7.95191350132957E-01
 -8.61346345420015E-01
  1.67432069626942E-02
 -3.65421824317113E-01
 -1.12140920693520E-01
  1.06471320676745E-01
  8.33190485844708E-04
 -4.91299028118384E-01
  1.38560764067519E-02
  1.32677290316076E-01
  1.64319034200071E-01
 -8.60765880836499E-01
 -1.09378088885923E-01
 -4.95785386401850E-01
  3.59562520034488E-02
 -3.31706845520267E-01
  1.40447365449355E-01
 -8.23369515242097E-01
  8.79753222919408E-03
 -6.29195724045061E-01
  2.32535178203825E-01
  6.39023939703466E-02
 -6.34043984814243E-01
 -4.23909807609417E-01
  7.39509875683491E-02
  5.37758322008462E-03
 -7.32145528138691E-01
  4.99223434102936E-03
 -8.24870049271331E-01
 -6.43058407240250E-01
  4.74040359933083E-03
 -9.68405685390929E-01
  5.67147559576680E-02
  2.36751724507285E-01
  1.38922438554276E-01
  1.68099634155744E-01
  5.06347114712186E-02
  3.72008921236578E-02
 -1.32428963078394E-01
  1.22437774556632E-01
 -2.47408103649239E-01
  1.77638281872817E-02
  1.40222680860582E-01
  1.41589126932684E-01
  7.13100711907702E-03
  1.04091924572665E-01
 -8.88637858012307E-01
 -3.46655123956444E-01
  6.49596699605652E-02
 -6.06700716284246E-01
 -4.14369656492619E-01
 -5.77361660678315E-02
  3.09249594935019E-04
  1.26172960105638E-02
  2.94605269200885E-02
 -6.81958322792240E-01
 -3.74064203476670E-01
 -8.48005873740897E-01
 -9.99730320319769E-01
  1.80760339345676E-01
 -7.41172912172331E-01
 -1.42366379706016E-01
  6.09173371468579E-02
 -4.76026676060890E-02
  9.19485038097260E-03
 -6.66519643580125E-01
 -3.38235573043252E-01
  2.14876631477064E-03
 -6.67087855435071E-01
 -8.61477513392205E-01
  1.33384012533517E-01
 -5.48101456112950E-01
  9.29604794720887E-02
  5.95780515784035E-02
 -1.88721665713308E-01
 -7.19759538008801E-01
 -7.51852871267132E-01
  9.95200804827224E-04
  5.94448881480384E-02
 -3.54306462135124E-01
  7.45948963156713E-05
 -1.86909929531121E-02
 -5.32771020470558E-01
  2.82079002679129E-03
  8.40638146019638E-04
 -6.62590606742285E-01
  9.56105130248395E-03
 -2.97873139048002E-01
  7.19342410726184E-02
 -6.68642209876642E-01
 -7.36702904014288E-01
  1.04138108700622E-01
 -8.04884558560542E-01
  6.51067018493037E-02
  1.37904320443894E-01
 -9.80935051049103E-01
  1.72134680575623E-01
  9.58236346757615E-02
  2.39750770949454E-01
  5.85752062749905E-02
 -4.73982437666331E-01
 -2.51768972008836E-01
  2.10336303619791E-01
  4.07456666487579E-02
  1.93797503163089E-01
  3.69449759803387E-02
 -4.16682466007894E-01
  6.42834200276644E-02
 -2.14551664378552E-01
 -1.24588571729876E-01
 -9.34519335548325E-01
  1.37240430312606E-01
 -6.56328415552606E-01
 -3.10940912093428E-01
  2.20842140219691E-01
 -8.61716351399190E-01
  9.93771286456491E-02
 -2.52877156654712E-01
 -3.16429054893739E-01
 -3.62232754249832E-02
 -7.46755792935015E-01
  1.59260729291028E-02
  7.38994476507090E-02
  7.08489640228155E-03
 -7.29269159214616E-01
  3.54566191848454E-02
  7.77931736632060E-03
  1.88803300391643E-01
 -5.73340558071384E-01
  7.33456985362722E-05
  1.15503339377892E-01
 -5.06332608008182E-01
 -7.53910836386197E-01
 -8.44909945237768E-01
 -4.78324699026755E-01
  4.03171285756296E-02
  1.34198720633347E-01
 -4.24045644533720E-01
  1.35772453114521E-01
  5.38562909969561E-02
  8.76116825780008E-02
  4.09223938642842E-04
 -5.40911279037864E-01
 -7.56465286687419E-01
 -9.36777289469742E-01
 -1.35514774616541E-02
 -5.39725552371415E-01
  2.00816303972914E-01
  9.64600726078852E-02
  2.92003200629307E-04
 -5.06816764061149E-01
  5.47415162266711E-03
  1.29607050896646E-01
  2.45180824511819E-01
  2.21914204584579E-02
  2.12463372963949E-01
  3.78572403469933E-03
  5.55585422499515E-02
  7.69442994685420E-04
  1.12063893966083E-04
 -9.82425673712426E-01
  2.22063180760622E-01
 -4.49383709438179E-01
  3.08265527364251E-02
  1.26288465023853E-02
 -8.18410203921032E-01
 -1.15977490802571E-01
  8.02318408336252E-02
  5.34225579010971E-03
 -2.51623678257818E-01
 -3.47365649973433E-01
  1.37637272882742E-01
 -4.17861322846015E-01
  1.25732671804812E-02
 -5.11774874567441E-02
  6.90852525937232E-03
  7.97751283814007E-03
  3.07776628909622E-03
  1.53152574888420E-03
  9.72229408356083E-02
 -2.11623538704716E-01
  1.94463166225278E-01
  1.61346422216590E-02
 -3.71244475008650E-02
 -9.76108857929480E-01
 -1.48696518012639E-01
 -5.68290768555849E-01
  3.28736589345535E-02
  2.24224027542946E-03
 -7.47431636691488E-01
 -9.89767157432254E-01
 -7.93747238048780E-01
 -3.95362263005193E-01
 -8.27029627077204E-01
  1.03510531307577E-01
 -5.39847597689045E-01
 -2.81015761952989E-01
  8.23686057894406E-03
 -5.83880297748674E-01
  2.07121642848758E-02
 -6.48609660123586E-01
  8.80235391486589E-02
  1.72340189568480E-01
 -5.71594503895643E-02
  1.74891933006776E-01
 -4.63168493002870E-01
 -9.71139521602226E-01
  1.40184160355847E-01
  9.69754257674628E-02
 -6.30454226366676E-01
 -1.51314842068186E-02
  1.50851134210034E-02
 -8.82949512269102E-02
 -4.14050839533120E-01
 -6.84654062731998E-01
 -7.17807654584230E-01
  1.93699513312309E-01
 -4.81753225498609E-01
 -9.73860941220601E-02
  1.37971278007404E-02
  6.27365826438666E-02
 -8.24422937821670E-01
  6.08329518201291E-02
 -4.88704498876786E-01
  8.72410412409465E-02
 -1.70048119862063E-01
 -7.32195349799362E-01
  2.56611938996363E-03
  5.09184002155210E-03
 -4.15930931713818E-01
  2.41479295495825E-01
 -7.20397607670692E-01
  2.59512829862029E-02
  2.79079621286469E-02
 -1.66425756325914E-02
  2.47488320354312E-01
  2.47275239106557E-01
 -8.69377520956321E-01
  1.29289840638495E-01
  8.34517386920392E-02
  6.25851681005887E-02
  1.73782685227007E-01
 -1.72238275054830E-01
  1.68705353071757E-02
  7.35210501793700E-02
 -8.80692353162993E-01
  2.58110622249187E-02
 -3.08799729623615E-01
  7.43381183016570E-03
  6.72696198974424E-02
  1.53258997265296E-02
 -3.25117672218921E-01
 -5.74593189845366E-01
  2.22201603464403E-01
 -4.57013308950656E-01
 -8.98287266672827E-01
 -4.32409584653268E-01
 -7.69207018553085E-01
 -3.31526560552865E-01
 -6.50851644928602E-01
  1.71587566267474E-02
  1.48018007850444E-01
 -7.17829084084765E-01
  1.97352539264451E-01
  2.15193207295226E-01
 -1.61370125804794E-03
 -8.16147402515700E-01
 -6.40531965005098E-01
 -5.43007572755748E-01
 -8.44526291449053E-01
 -6.32842827560552E-01
 -4.21420091788471E-03
 -2.06319485422580E-01
 -6.53477646886020E-01
 -5.76025803367598E-01
 -8.66925451412184E-01
 -1.55393019390685E-01
  2.58616280352426E-03
  2.21961015116364E-02
 -1.16657280660557E-01
  9.05915893278816E-02
  5.65886064662637E-03
  7.64011804078532E-02
  1.74149198044143E-01
 -3.66779286029337E-01
  2.81200032619444E-02
 -5.69082464643018E-01
  1.26594932992289E-01
 -1.50604277392732E-01
  7.04139868442119E-03
 -1.04691717673199E-01
  1.24355287859401E-03
 -6.95393370741435E-02
  2.33409113302001E-01
  7.19143836196893E-02
 -7.38829498338779E-01
 -2.81028625293957E-01
  1.16507762128589E-01
 -8.05039020596525E-01
  1.88694992876505E-01
  1.38622446529490E-02
  2.03209459516629E-01
  1.13485672154022E-03
 -2.65619355840150E-01
  2.02096262962474E-01
 -3.23028287521351E-01
  1.55465120881032E-03
 -8.27613474902360E-01
  6.48621841100997E-02
  1.88938213914692E-02
 -7.35780975087610E-01
 -6.59726466998687E-01
 -3.32214104917470E-01
  3.99402315758598E-02
 -2.22388819250278E-01
 -9.64340477743751E-01
 -3.69683605747420E-01
 -5.89196788091538E-01
  3.55087307328471E-05
  5.85114579411443E-03
 -9.12975446673762E-01
 -1.22658848193089E-01
 -4.67672040633641E-01
  7.22541674130653E-04
 -4.53815830453294E-01
 -8.22945099742944E-03
  6.04701621710312E-02
  3.19598854378746E-02
  2.19424255467255E-02
  1.25285205994908E-01
 -1.49732522269569E-01
 -7.37019083411820E-01
  1.06050155138927E-01
  2.00339369932778E-01
  2.38014429771255E-02
  8.36950364941811E-02
 -5.49415869043310E-02
  2.51294551531271E-02
 -9.06189248680022E-01
  1.58721160598805E-01
 -5.54005346780417E-02
  6.52771145440817E-02
 -3.48509318945658E-01
 -9.63630803349633E-02
 -3.26513673970357E-01
 -5.46651862841502E-01
 -9.99341557589690E-01
 -2.50048500812563E-01
 -5.80892156356294E-01
 -1.59534798299932E-02
  1.14406089006918E-01
  5.36457378326732E-02
 -2.35351983467197E-01
  7.80272319178590E-02
  1.73814401967958E-01
 -2.19154885587543E-01
  2.48329302771778E-01
  2.31324575923521E-02
 -5.41789913795404E-01
 -9.80922857995780E-01
  1.86000962380403E-01
 -5.91045825825201E-01
  7.78370408327738E-03
 -9.32505438035885E-01
 -1.11002209934927E-02
 -1.10673929833365E-01
  1.74530714849730E-01
 -3.23096645085124E-01
  5.59867761088216E-02
  1.29581956096276E-02
  1.16466000972768E-02
  1.59985006568207E-02
 -3.85993714562078E-01
  7.31820781467456E-04
 -9.91739843095528E-01
 -7.22641313279259E-01
 -6.46599152933766E-01
  1.67865631709745E-02
  1.70594440042657E-02
 -4.32866158151790E-01
  2.44872480130113E-01
 -1.20993259291070E-01
  8.86810065210159E-02
 -5.65684601057823E-01
  1.43464698442341E-01
  1.07508773537916E-02
  1.26583090508888E-01
  1.83356777438442E-01
 -1.64924663101978E-01
  2.08908032658936E-02
 -1.68678719186891E-01
  4.54809560441667E-02
 -2.25214962277734E-01
  1.04589850319433E-01
  2.16758085128469E-01
 -8.04415676590208E-01
 -5.90886090241324E-01
 -7.65409883202958E-01
  2.24927861643721E-01
  4.31978511702953E-03
  1.17996809345181E-02
  1.30960282994594E-01
 -5.48261678327442E-01
 -7.68910158033243E-01
  3.88693867244176E-02
 -2.79115984802958E-02
 -8.28724644498222E-01
 -6.23346888512604E-01
  6.63755443370334E-04
  1.37391929010801E-01
  6.71635778152234E-04
  8.24616395772755E-02
  1.60368376556123E-01
 -1.51352401236692E-01
 -2.48300490504184E-01
  3.95218991560585E-04
  1.81070130146073E-01
  1.36189426640682E-01
 -8.37090138157033E-01
  1.41507365776298E-01
  1.56511635864792E-02
  1.21141490976471E-02
 -6.00583920805733E-01
  1.48970423631212E-01
  9.01586833740447E-02
  2.05097677967866E-01
  9.09528607278579E-02
  1.03437157829943E-02
 -5.07874637396786E-01
 -5.80232726071873E-01
 -8.99604840781370E-01
  5.75916285900927E-02
 -4.96211050705042E-01
 -3.87723222618250E-01
 -2.04769964117804E-01
 -3.55784978414276E-01
  8.19166900162328E-02
 -9.44647932606708E-01
 -6.13353959254267E-01
 -7.74095273506705E-01
  1.47349932085525E-02
 -9.26638567799773E-01
  9.65161850234039E-03
 -2.56787406467376E-01
 -5.36470189958617E-01
  6.34113231957844E-02
  2.23910760941679E-02
 -6.96877735237585E-01
  1.52709010906352E-01
 -4.61467285161394E-01
  1.54103375862310E-01
  2.25959130080306E-02
 -8.76432390046684E-01
 -2.85234911720078E-01
  6.22706462405027E-03
 -4.17290933799675E-01
  1.51948069063960E-01
 -6.97473297736613E-01
  4.31435224949477E-02
 -8.10143509043821E-02
  7.87882628670770E-02
 -3.72226986185898E-01
  3.08994122319102E-02
 -7.10837903329456E-01
 -7.08752298576618E-01
 -2.93408242991185E-01
 -7.15466986234043E-01
  1.05257099685163E-01
 -2.81785310900730E-01
  2.48172467716195E-01
 -1.51615541920780E-02
  1.09082370018556E-01
  2.89494743295333E-02
  7.11916228724122E-02
 -1.91939289992217E-01
 -7.51296274062911E-01
 -4.28112423964716E-01
  8.70225009780403E-02
 -7.01792066710092E-01
 -4.70849090782549E-01
  1.26765543234333E-01
 -2.69724711945218E-03
  1.06151035875637E-05
  1.89663411670153E-01
 -1.11325329517198E-01
  4.99723322238307E-03
 -2.91667370692975E-01
  1.90779725884671E-02
 -1.09915790042523E-01
  1.64193113656300E-01
 -8.84505291729356E-01
  1.11260582220612E-01
 -9.09251227395409E-01
 -8.11971269756013E-01
 -7.21008812531463E-01
  5.38285236163981E-05
  9.04455620108238E-02
  2.15679082576681E-01
  7.89233970234028E-02
  1.60647773241588E-05
 -2.67961657959075E-01
 -6.30597085136844E-01
 -5.12152545764378E-01
 -3.84228839858832E-01
  6.33884665718794E-03
 -1.22317381730085E-01
 -8.16160185848366E-01
 -1.66664345199544E-01
  7.17044537671355E-03
  2.26791012516118E-01
 -7.75604975005013E-02
 -8.07458806997504E-01
 -8.43835879185302E-01
  2.22825105813643E-02
 -3.93924702581524E-01
  1.07157693765496E-01
  1.42243292347510E-02
 -7.71286725357392E-01
  7.93223907949484E-02
  1.44841993782339E-02
  2.36686190311190E-04
  2.79226806744004E-02
  1.21498649616384E-01
  8.17080314122515E-03
 -1.20484290281467E-01
 -2.62003398073493E-01
  4.67231743241650E-02
  3.64656658162411E-02
 -8.32590612259448E-01
 -4.81823397375238E-02
 -7.74851281552323E-01
 -9.92122970139328E-01
 -6.77622829351472E-01
 -7.63395277267835E-01
  2.17607338130594E-01
 -6.30582786348520E-01
 -3.14875408686381E-01
  1.71150126425414E-01
  4.49600027042629E-02
  1.01692977061094E-01
 -4.13937302784021E-01
 -7.40841114941144E-01
 -2.01530681065474E-02
 -4.47810469061263E-01
 -8.69861394410959E-01
 -8.53001192516476E-01
 -1.93901957982449E-01
  1.56748366198362E-02
 -7.42522947661771E-01
 -3.25635093884752E-01
 -5.39671682779959E-02
 -9.38521675037197E-01
  4.47055026475126E-02
  2.89675964561176E-02
 -7.97265898410549E-01
 -7.92958841792024E-02
  1.04778573791644E-03
  1.24102029188593E-02
  2.12398237122352E-01
  6.08295871813694E-02
  9.52748787121793E-03
  1.14680007116739E-01
 -6.25421577320376E-01
 -2.61415384894302E-01
 -2.49591581591644E-01
 -6.82865643885606E-01
 -9.69986462834543E-01
  2.01563627218834E-01
 -9.29196076242183E-01
  1.91144675194530E-02
 -9.73477668100022E-01
 -8.27584987446801E-01
  7.07076550451357E-02
 -2.76970530688152E-01
 -8.05581480962555E-01
  2.51703620299677E-03
  1.84280859859766E-01
 -3.63387475372433E-01
 -7.73025080529891E-01
 -4.02361459380702E-02
 -3.56774656438176E-01
  1.25837180213224E-01
  1.52479173346494E-01
  6.00112868737343E-02
 -2.63793940515318E-01
 -3.59344994779550E-01
 -8.30825454595584E-01
 -3.69570320760387E-01
 -2.90159109598140E-02
 -2.49658455711004E-01
  2.34476344012705E-01
  2.44669986389710E-01
 -6.58691376931727E-01
  6.40455605853304E-03
 -7.99959293732633E-02
 -4.49943917405873E-02
 -9.26977875595854E-01
 -2.03661615966129E-02
 -5.21656360819747E-01
 -7.49036600814170E-01
 -9.20333093740896E-01
  4.83726068420836E-02
  7.87407758262325E-02
  2.22317541098555E-01
 -2.71603873325505E-01
  1.17157424776854E-02
  1.44577409696926E-01
 -8.79331673032925E-01
  3.26371754582641E-02
  1.44108230356160E-02
 -3.52770676373129E-01
 -2.31717307139586E-01
 -5.76866493356879E-01
 -8.06027253457948E-02
 -3.15918639306645E-02
  1.92244299121090E-01
  4.24836463758398E-02
 -3.90731774889785E-01
 -1.77680707551439E-01
 -8.33448915740348E-01
 -9.49926741508629E-01
 -9.04141061887273E-01
  7.94372092624766E-02
  2.23373957265777E-01
  1.03351690548898E-01
 -4.61565353536394E-01
  1.57744236290720E-02
  1.54331280939853E-01
 -8.51689347624389E-02
  4.35718871194485E-03
 -9.14894543470985E-01
 -9.66179006248788E-01
  1.04691606330244E-01
  2.27307830310132E-01
  1.26573568796157E-01
  1.25455948372715E-01
  1.50345233998810E-01
 -2.94734176984270E-01
  8.29513358075020E-02
 -9.48827678683468E-01
  4.65466419817432E-04
 -9.12665686942999E-01
  2.11185618669946E-02
  1.16513829930031E-01
 -2.76501144172150E-02
  2.29553580102966E-01
  2.36991117334244E-01
 -6.61576415564538E-01
 -3.33218117699899E-01
  2.76645229554388E-02
 -3.15654892820336E-02
  9.87996158623687E-02
 -7.81611519805542E-01
  1.44973917545889E-03
 -7.07690781319199E-01
  3.10879346233375E-02
 -9.19995983499367E-01
 -7.90211136650194E-01
 -5.29539780689041E-01
 -4.94797279756651E-01
 -7.41489973475877E-01
  2.18545316752961E-01
 -9.81778791607058E-01
  5.22701545887152E-02
  2.72311771635354E-02
 -1.73516808261452E-01
 -8.34528000720173E-01
 -8.65902954096762E-01
 -1.99382747402711E-01
 -6.25197113982993E-01
  2.65411426316985E-02
  4.51955252643232E-02
 -4.05203228171489E-01
  3.21821938419072E-02
 -5.57827364843452E-01
  9.68447710214291E-03
 -6.74111188440977E-01
 -9.56568828788694E-01
  2.17897475427187E-01
  7.50211958356364E-02
 -5.73509934634846E-01
  8.80985861598130E-02
  1.29308510400691E-01
 -8.46431528123182E-01
 -8.01652920244074E-02
 -2.79938408360397E-01
 -2.52306264961514E-01
  8.77736351587490E-03
  1.08894915027837E-01
  1.36837450121301E-01
  1.23907187695560E-01
 -2.55191809636051E-01
  3.60192793759486E-02
  7.42113189637584E-03
 -1.10998148060037E-04
  3.02993215922384E-04
 -5.20074239888062E-02
  4.90314832861555E-02
 -7.95006268485146E-01
 -1.28269306283513E-01
  1.24821665641861E-02
 -7.20199693142018E-01
 -4.07973260198899E-02
  1.33340942896640E-01
 -2.58643794896485E-01
 -4.99526097936402E-01
  1.37482513318400E-01
 -9.51239466313115E-01
  7.48340267170472E-08
 -3.86380131463163E-01
  2.26049984726919E-02
 -6.64259957371661E-01
  3.26453954572674E-02
  2.31435399843963E-01
 -1.22528746468391E-01
  2.43374273000684E-01
 -6.20150311872135E-01
  1.32145274078714E-01
  2.54025880564708E-02
 -3.45895266048846E-01
 -5.89609410950415E-01
  1.86532790510957E-01
  1.02877282053174E-01
 -5.87266915267030E-01
 -9.80658548124275E-01
 -4.06964333822366E-02
 -4.88638454733511E-01
  7.51394962945884E-03
 -2.06757657118132E-01
  7.46821868787621E-02
  2.75057094201666E-02
  1.16496841723419E-01
  1.78520760216340E-01
 -7.09264132048731E-01
  2.12733819297287E-03
 -9.53121810024214E-01
 -6.65425282558252E-01
 -7.76510946482758E-01
 -9.18006056542913E-01
 -4.31205066704085E-01
  4.14866116057298E-02
  1.13702780269597E-03
  3.55629091381415E-02
  3.86492651120728E-03
  8.27411026745277E-03
  1.90959972602715E-01
  7.45455620280396E-03
 -1.25915428724380E-01
 -5.26760129287876E-01
  4.13496168518025E-02
  2.15103826355733E-01
 -3.89571561830293E-02
 -1.79726451322920E-01
 -5.87933203675272E-01
 -4.07474893208969E-01
  1.36514537465772E-02
 -4.26553232857605E-01
 -3.37125777357096E-01
 -7.52326666836141E-02
  1.67134938935067E-02
  1.11362643785215E-01
 -2.75430377844034E-01
  3.09887794143344E-02
  1.13866499601124E-03
  7.00129600046407E-02
  1.98379949859872E-01
  1.61170227024371E-03
  1.48959865056346E-01
  4.59583960632466E-02
 -8.71529318750878E-01
 -6.70846926173759E-01
  1.57853245235594E-02
 -4.12690953684538E-01
 -5.11181499861748E-02
 -2.70571042008925E-01
 -3.13898392257295E-01
 -4.77219200774420E-01
  1.56663874202633E-01
 -9.76192076595819E-01
  1.79991653839746E-04
  1.25431701324948E-01
 -6.73870688193583E-01
  2.73600097354837E-04
 -2.15118155479936E-02
 -7.98903831925764E-02
  9.18317509884318E-02
 -2.06762269083977E-01
 -1.88823447072122E-02
  3.88824171659041E-04
  6.03370265767048E-03
 -4.51500796448044E-01
 -4.13348435329197E-01
 -5.33952981473509E-02
 -6.86542289452382E-01
  1.44845212085499E-01
 -3.49622347868970E-01
 -5.00181955387342E-01
 -2.75537292262828E-01
 -6.94443601633722E-01
  4.03799195491222E-02
  6.61973428433720E-03
 -5.06530654149911E-01
  2.78571115130889E-02
  1.04686453150169E-01
  2.45602296365483E-01
  1.27009534651507E-01
  7.90351075954976E-03
  2.11640501098931E-01
 -7.55411610178355E-01
 -6.56249093473828E-01
 -9.33137951272375E-01
 -9.30965906367684E-01
 -6.76222117196121E-01
 -5.74966356486815E-02
 -5.03980788470696E-01
 -5.06083141468431E-01
  1.76923742825562E-01
 -3.38519303019774E-01
  4.18239624127459E-02
  1.26098636259419E-01
 -7.55536544027269E-01
 -4.91169258223177E-01
 -4.34465142643226E-01
 -1.39027248579986E-02
 -9.25735215204889E-01
 -9.65875483403045E-01
  4.05905882531245E-02
 -7.16825597550780E-01
  2.47993767422428E-01
 -8.16095927170341E-01
  1.28312858254246E-01
 -2.54010949019724E-01
  6.07801488263788E-04
 -4.34392564053363E-01
  6.58316231334047E-02
  1.93244109676205E-01
  8.96673243554242E-02
 -8.27352423926535E-01
  1.71515088509415E-01
 -2.44571354307613E-01
 -9.36263679385995E-01
  1.61211150532955E-02
  1.34850377967837E-01
 -5.14877112030845E-01
  2.48665759740713E-01
 -8.64331154726319E-02
 -5.17917166265511E-01
  6.11663909104656E-03
  4.19266349165946E-03
  4.37841531865518E-03
 -8.73938895120784E-01
  4.14748700556520E-02
 -4.39743849171371E-01
  3.82958841383054E-02
  2.28257150858643E-01
  1.02991322467573E-03
  1.57081534457714E-01
 -2.28686248106449E-01
  9.60759686797815E-02
 -5.11183613939705E-01
 -3.70931570394867E-01
 -1.00198907107769E-01
 -7.62352807549453E-01
  1.27642929387278E-01
  1.35856272486699E-01
 -1.15080600346526E-01
 -2.90989429398335E-01
  2.85094995712850E-02
  6.24795167818596E-04
 -2.75664688046071E-02
 -2.57674997047693E-01
 -9.38021743471442E-01
 -7.33777238281565E-01
 -4.49698866858443E-01
 -2.83930118292548E-01
 -7.70505714422790E-01
 -5.19169144763981E-01
  1.61849523158553E-01
 -2.20267171540114E-01
 -3.94213702896218E-01
  9.23152802455469E-02
  1.58289546319520E-03
 -1.51330067672122E-01
  1.72250868839605E-02
 -5.21973807891850E-01
 -4.49725512233798E-01
 -5.51739564166751E-01
 -9.85012575593786E-01
  2.55754957821334E-02
  1.11572356092253E-01
 -2.98699028275307E-02
 -7.77628544627313E-01
  4.79389445332130E-06
 -6.20886963991760E-01
 -6.20628250321209E-01
 -2.16162321249498E-01
  1.61786081938140E-02
  1.24578451268371E-01
 -6.56986325760458E-02
 -5.56544053435168E-01
 -4.09051189761771E-01
  2.16809892483450E-01
 -6.63099131469370E-01
 -6.86769075718768E-01
 -8.05692969767576E-01
  1.40907778204550E-01
  2.71736851669393E-02
  3.00446237675275E-02
 -7.13372281770113E-02
 -1.97560757548883E-01
 -8.01100001279634E-01
  8.62506214208786E-02
 -9.35534879728605E-01
 -9.01466109864883E-01
 -5.48618165903923E-01
 -2.51845669968457E-01
  3.02921515340789E-02
 -7.37097291425152E-01
  2.40647271581118E-01
 -3.17228085936314E-01
  1.37044301817828E-02
 -2.71311030787234E-02
  1.91280213608905E-01
 -4.78064309490178E-01
 -4.81275015619666E-01
 -4.36619091525263E-01
  1.53184505137503E-01
 -4.16516565238735E-01
  3.53933951013215E-02
 -3.80822142174805E-01
  9.50217154594082E-02
 -3.42934210831251E-01
 -1.32376354061153E-01
  1.96007283528158E-01
  9.64573795712638E-02
 -4.05013903799682E-02
  1.36139200381129E-01
  8.85070955998839E-02
  5.16605899870234E-02
  3.23885016287467E-02
 -1.38555463657599E-01
 -3.64463757232717E-01
  6.92542264392076E-02
 -5.64257001314378E-01
  2.19944876776179E-01
 -6.22063399686268E-01
  1.49420280323246E-05
 -3.70162079094356E-01
  9.70916930920468E-03
  2.57465215856895E-02
 -1.38880470013097E-01
 -2.03623070573289E-01
  1.86314573406638E-01
  7.60336907914293E-02
 -3.05324281975997E-01
  3.43436278018555E-02
 -5.59883910739084E-01
  1.09144623893771E-01
 -9.71215812226222E-01
 -9.62263317580289E-01
  1.71269632986028E-01
  1.44113796157725E-02
 -2.93522895009681E-01
 -9.61592725945954E-01
  2.25218765447692E-01
  2.13606705087591E-01
  1.63479848881019E-02
 -6.00775660251103E-01
  1.49005516310883E-01
  2.40539625217660E-01
  7.29290725959251E-02
 -9.87885052292873E-01
  1.50006005212478E-01
 -9.68874190780937E-01
  1.88789633041134E-01
 -7.46008093551320E-01
 -4.84322942831876E-01
  1.00863226208569E-02
  1.65494266117800E-01
  2.16845019323503E-01
 -2.14389654621937E-01
  3.19999491969980E-03
 -6.92197183032917E-01
  1.69642171931800E-01
 -9.52201700004794E-01
  6.38708737080112E-02
 -2.70575996185812E-01
 -5.48982414210994E-01
  4.47547550189144E-02
  1.73593455134771E-01
 -4.80112808981776E-01
  3.77900083579877E-02
 -3.93039440393315E-01
 -1.11727883686121E-01
  8.27545873552075E-02
 -8.32266716687812E-01
 -9.56540114595134E-01
  1.72627800400319E-02
  4.37227998898128E-02
 -1.01981096734363E-01
 -8.16682520350579E-01
 -6.51891626841799E-01
 -9.43033695762476E-01
 -8.09160436481832E-01
 -4.15700113180567E-01
  4.61425012878692E-03
  1.64690690160250E-01
  9.40770111712208E-03
  2.07256804552388E-01
  7.25686859625245E-02
  4.43973208936201E-02
  4.99467504747433E-02
 -6.36441017233790E-01
 -3.19607297137603E-03
 -1.63938744789001E-01
 -2.66839741666576E-01
  7.93319561396039E-02
  7.64880024242373E-03
 -5.77180912024129E-01
 -1.20534014855509E-01
 -8.29169841604302E-01
 -5.99113338924810E-01
  3.75021676766256E-02
  5.97349768323371E-02
  8.09380628176934E-02
 -9.12950363441006E-01
  1.50774941264489E-01
  7.95420418286772E-02
 -4.67937223508649E-01
  2.72564641042417E-02
 -5.13866292665510E-02
 -4.73575960831748E-01
  2.01777962674412E-03
  3.15188238837640E-03
  3.13405433181944E-03
 -1.12066686631356E-01
  1.78768677579698E-02
 -9.91342251424122E-01
 -3.07891958436148E-01
 -1.32497872679201E-01
  1.95955355677583E-01
 -1.83289591085082E-01
 -8.71227461491858E-01
  1.60420255743208E-01
  9.88686895137748E-05
 -8.99992898264135E-01
  1.45023890901876E-02
  2.18520502706080E-02
  1.66668922351326E-01
 -8.49810778502400E-02
 -1.76262419841644E-02
 -4.24680197807201E-01
 -7.58507830449597E-01
 -8.01093452883367E-01
 -5.67242355097930E-02
 -8.00789383648060E-02
  1.58631863104841E-01
  1.85710910254664E-01
  4.92200252014865E-02
 -2.70569347399234E-01
 -5.42164015255800E-01
  8.88046928540548E-03
  1.96387903594284E-01
  5.47861220777836E-02
 -5.61759561859746E-01
  8.16065961051765E-02
  2.46058514222520E-01
  6.68627832477125E-04
  5.30227554309633E-02
  3.47594915026734E-02
  3.41635978416096E-02
 -7.92992318138674E-01
  3.69352941844378E-02
 -5.86095042006430E-01
  1.19233978714936E-01
 -3.81574760262717E-02
  1.00118131075644E-01
 -1.11186660400351E-01
 -5.89962641048990E-01
  2.82123525956221E-03
 -5.43559538275022E-02
 -1.13008128715216E-01
 -7.16541585253856E-01
  8.03061961345234E-03
  5.35052738817920E-04
  7.25261455082565E-02
 -5.66969723479009E-02
 -5.76794553951645E-01
 -6.73487008557816E-01
  8.85197036624605E-02
  4.53952726257632E-02
 -7.28995001969903E-01
  2.76251675865022E-02
  8.53678167882378E-02
  1.45594450638002E-01
 -1.81454695777036E-01
 -8.64967042484257E-02
  1.37524517136218E-01
  7.84225594303459E-02
 -7.58869999821129E-01
  1.34966471598520E-01
 -1.61103502264393E-03
  1.72549519689514E-02
  1.43648527546161E-02
  2.05127957584828E-01
  1.94165786791736E-01
  3.68999877746937E-04
 -6.36834988438251E-02
 -8.77898299580517E-01
  1.74145783337204E-01
 -6.50423761737737E-01
 -1.14461720763829E-01
  1.49861837572911E-01
  1.20224404344719E-02
  2.17522515222113E-03
 -3.96378267299038E-01
 -1.70562574999070E-01
 -6.43229832572146E-01
 -3.05876921802809E-01
  1.83419838600035E-02
  3.57123111087770E-03
 -8.31671451616446E-01
  1.51397385885489E-01
  2.88555313201758E-03
 -9.56939679023488E-01
 -9.86383479243083E-01
  6.35013452295872E-02
 -5.93848219288821E-01
 -8.76519677095022E-01
 -8.97028904231059E-01
  1.72143364185914E-01
  7.99967324260893E-03
  1.30225682443737E-04
 -1.50596617939377E-01
  2.29118760273080E-02
  2.55676601329746E-03
 -2.66915199433361E-01
  4.55067994779636E-02
  2.47746493841066E-01
  5.17859946278323E-02
 -3.12401069567104E-01
  1.68688164242006E-02
 -3.50011597262442E-01
 -5.95188830942840E-01
 -2.40630797464652E-01
 -1.58300470742931E-01
  6.12280010813949E-02
  1.98421430188651E-02
 -4.49883122759965E-01
 -3.15438488328922E-01
  3.69841919887931E-02
  1.84948771345967E-04
  7.58392104806776E-03
  1.68910467336802E-01
 -3.74535270303655E-01
  9.48517481704474E-02
 -7.47599268285453E-02
  4.64454162209604E-02
  1.24984489617036E-01
  2.22477557068707E-01
 -4.11597574060976E-01
  5.95112940295654E-02
 -2.02798259162571E-01
 -6.11489358103819E-01
  4.72162202077343E-03
 -2.18104407131912E-01
 -7.55773681882758E-01
 -3.53264231898005E-01
  8.07064739230514E-02
 -6.41307190626169E-01
 -4.38683451386187E-01
 -2.15164627618816E-01
  2.14475581151965E-02
  2.05620666371312E-01
 -8.39355535332118E-02
  1.29535768791341E-02
 -9.50326689528901E-01
  4.91995960275164E-03
  2.83160782730460E-02
 -2.64340079336456E-01
 -3.29186211933328E-01
  9.98786551880778E-02
 -7.55500290432833E-01
 -4.48005310148716E-01
 -3.19459635241773E-01
 -6.93875833598503E-01
 -8.23735881295732E-01
  1.55808541991955E-01
  2.42544990699875E-01
 -7.64809747451149E-01
  2.30010564139031E-01
  1.38069038142537E-03
 -2.49960291277177E-01
  1.07838873427842E-02
 -1.37999824756620E-01
  1.29617571147211E-02
  1.03963228889459E-01
 -6.50164206713317E-01
 -2.71946458448552E-01
 -8.79631799639179E-01
 -3.30684104285946E-01
  2.00263205094740E-02
 -7.16352255462337E-01
  3.37474180949132E-02
 -9.94356602814708E-02
  7.40563686497105E-02
 -4.22046042240807E-01
 -4.44401427839138E-01
  2.74679516694071E-02
  2.06202603950234E-01
 -2.90558009295170E-01
  5.11141172026286E-02
  9.83275936976734E-03
 -1.90639838099058E-01
 -3.90233959030469E-01
  5.97054111129511E-03
  1.99915680334137E-01
 -6.65329913051532E-01
 -2.27250122281930E-01
 -2.26747571773975E-01
  3.85022072242204E-02
 -8.89597463207589E-01
 -7.98733452891091E-01
 -8.13056252452009E-01
 -7.17971143286930E-01
 -5.44267525638928E-01
  1.36196085006979E-01
  1.29107527261236E-01
 -8.07184052606025E-01
 -8.89493993549958E-01
 -5.76750440779499E-01
  1.17317838055016E-01
  1.33272821112820E-01
  1.39564029759715E-01
  2.14291923488268E-01
  2.33153049188838E-01
  2.74273733577876E-03
 -2.02357799524418E-01
  1.48294733411795E-01
 -5.09217862163842E-01
 -8.12260855881906E-01
 -7.73406105717057E-01
 -2.18066184329533E-01
  1.75519916752066E-01
  1.17691322680309E-01
  1.35651447721127E-01
 -7.91139029409060E-01
 -2.45295704797777E-01
  1.90454803532518E-01
  5.28700103583269E-02
 -9.81817258135175E-01
 -4.45861129274245E-01
 -8.51841794790467E-01
  4.19862040816327E-02
  7.79674365190810E-03
  2.70787384809699E-02
  1.55954044889655E-02
 -5.92159920471716E-01
 -4.59597243870513E-02
  7.73331507434111E-02
 -2.35826936202792E-01
 -3.27073067323000E-01
 -1.36366805066350E-01
 -2.57444319056716E-01
 -5.34402104808007E-01
 -1.88542517160968E-01
  2.31011676080916E-01
 -3.82425543572810E-01
  2.50242773462074E-02
  8.00153439247273E-03
  8.04130949881211E-02
 -7.12020871505975E-01
  2.88166685229299E-02
  2.24671144120225E-01
 -6.93818915129238E-01
 -3.08653336944024E-01
 -9.42631070013488E-01
  1.66480677220694E-01
 -3.56160704956671E-01
 -7.19696232909437E-02
 -9.11804976352784E-01
 -8.68976482552120E-01
 -4.70570452557860E-01
 -2.89619252180805E-01
 -7.35756073074235E-01
  2.39200801174159E-01
 -5.33092276590210E-01
  1.02313091636434E-02
  5.18317928198641E-03
  8.01221836113913E-02
  2.91981442965137E-03
  1.79608986037205E-01
 -2.50973397793963E-03
 -1.85384754273656E-01
  1.16111703812362E-02
 -9.88373960126183E-01
  2.53493533345843E-02
  9.85850202045963E-02
  7.31903521509294E-03
  2.39863740084398E-01
 -1.34178422796356E-01
  3.25824341743473E-02
  1.25166674904685E-01
 -2.40953391022340E-01
 -5.75082752579281E-01
  2.77402106199046E-02
 -5.51817914993327E-02
 -4.86650343363643E-01
 -7.75095876920873E-02
 -5.89927785447589E-01
  4.78155645384842E-02
  9.37168431132846E-02
 -1.14327686911578E-01
 -9.44104972735733E-02
  4.32471040935311E-02
 -9.85322526702361E-02
 -6.96638075129573E-01
  4.76500125211405E-02
  1.07896294009534E-01
  1.53684057798962E-01
  1.03060209245591E-02
  1.94553348799661E-02
 -6.75519334370211E-01
 -6.29055309554518E-01
  1.27221624196484E-01
  1.98719105542721E-01
  9.70164313987656E-02
  1.45224700708041E-02
 -4.55599750536862E-01
 -8.67787085698826E-01
 -6.56556943110393E-01
  5.06711037954969E-02
 -9.24749645594894E-01
 -5.24080276286527E-01
  1.05741128587537E-01
 -1.54349219024144E-01
  1.13390410906642E-01
 -2.18384956084303E-01
 -6.25320882786011E-01
 -2.70392289431357E-01
 -2.77742642102935E-01
 -9.39878641862984E-01
 -2.78412560410056E-01
  5.29861339521828E-02
  1.85390237943689E-01
 -5.50130613423119E-01
  1.73877193600556E-01
  3.07802215124398E-03
 -1.76255047361016E-01
  3.80117107013958E-02
  2.24958957870069E-01
 -1.46931458645011E-01
  2.24824327604425E-01
 -1.88708972212234E-01
 -3.42787421777491E-03
  2.37335065914384E-01
 -1.99379092326681E-01
  2.44518717159653E-01
 -6.79605262512806E-01
 -6.56342511231661E-01
 -5.54512479238775E-01
 -4.02568308210234E-01
 -8.65486687518781E-01
  2.32346014785522E-01
  6.03478256610172E-02
  2.60052874569884E-04
 -8.28430584297548E-01
  2.21696926195375E-02
 -1.77798977553172E-01
  1.19265592065771E-01
  1.86477256467072E-01
 -9.64027870777065E-01
 -7.95688683980272E-01
 -2.31807604951439E-01
  2.44011260379859E-01
  1.04487761336529E-01
  4.32522792506338E-02
 -7.75706390123257E-01
  8.05678520188559E-02
  8.87176759371886E-02
  1.86556027658829E-02
  1.99240933851458E-01
  1.04289667087517E-03
  1.73844950889010E-04
  3.69791976502099E-02
 -4.92280259932654E-02
  2.06748519065719E-01
  5.97891773478894E-02
 -8.79682472528542E-01
  4.27286637597054E-04
 -1.05001181939785E-01
  3.83830154956182E-02
  1.08033304058575E-01
 -7.00665045421885E-01
 -5.63534815457767E-01
  2.36550661124936E-02
 -2.14074501287338E-01
 -6.43489329061429E-02
 -3.99815916175426E-01
 -2.96096497701753E-01
  7.85958096734318E-02
 -5.50464562212794E-01
  3.69374889554570E-02
 -3.70385525515098E-01
 -4.47151010079605E-02
 -5.00994229292308E-01
 -2.36728257917149E-01
  1.77631590448622E-02
 -1.13219736159527E-01
 -2.21983862002881E-02
 -7.39177267833445E-01
 -5.12484506066684E-01
  2.20965479013505E-01
 -2.54478910899275E-01
 -8.46080709489165E-01
 -6.49785920838824E-01
 -7.10912755015860E-01
 -2.74499771791892E-01
 -4.68848681711422E-02
  2.45956275776147E-01
  1.25153202391855E-02
 -2.82542941574102E-01
 -2.12543529961563E-01
 -9.98865759708790E-01
 -6.97461832840977E-01
 -2.51469898108634E-01
 -7.66158844466334E-02
  4.01930559761124E-02
  6.08041728130044E-02
  4.47608857527378E-02
 -5.11165967785976E-02
  1.38856138904749E-01
 -6.98658285652218E-02
  1.20880976441794E-02
 -6.77203176530797E-01
 -3.15474861092607E-01
  9.71950708445550E-02
  8.67761974150820E-02
 -4.85438286820207E-01
 -6.47835971361998E-01
  1.92955158887657E-02
  2.28414985901444E-01
  6.58114078206764E-02
 -5.46203937733339E-01
  9.05663532868192E-02
  1.16747933598221E-01
 -1.99553067947873E-01
  2.28935719323321E-01
  6.59723941681631E-03
 -4.51862082547897E-01
  3.98933326138357E-02
 -7.34167475072269E-01
  8.31198833655935E-02
  7.22130314100467E-04
 -2.31458086009433E-01
  4.64952190908299E-02
 -7.45793373815414E-01
  7.82908827344945E-02
  8.96175550667707E-02
  3.03366951715105E-02
 -2.46375292147845E-02
 -4.10026593185366E-02
 -1.90142594000299E-01
 -3.13374312120533E-02
  5.85727269659317E-02
 -1.18376617808272E-01
  2.18982864922489E-01
 -5.34665514315770E-01
 -6.84531336881939E-01
 -5.82436083254034E-01
 -8.90399880246904E-01
 -4.35390598432290E-01
 -3.11081109205939E-01
  1.08877843924257E-01
 -4.19247488665767E-01
  4.15611649269724E-02
 -3.07208923696572E-01
 -5.48793026181384E-02
 -9.07377179164301E-01
 -6.67381144806408E-01
  1.73883974841336E-01
  8.50824545417915E-02
  1.28869355136801E-01
 -1.38538480979807E-01
  2.50360243450112E-02
  2.04356394514703E-01
 -2.79095766792170E-01
  2.42828213775011E-01
 -6.35067801278568E-01
  1.91948246031321E-01
 -8.70716048641092E-01
 -3.23885402042736E-01
 -2.64234516330008E-01
 -7.90073583050124E-01
  6.63353174461420E-02
 -8.68930097611840E-01
  1.55485626573684E-01
 -3.68201587470187E-01
 -8.53120684610187E-01
  1.47780615949024E-01
  1.27649892422457E-02
  9.67527647711492E-02
  1.78358032421749E-02
  6.09213348781293E-02
  1.41757379748771E-01
 -5.64347445867843E-01
  1.69178132099984E-04
 -3.41127872579582E-01
  2.01328645884482E-01
 -8.42718023700543E-01
 -9.08257962559832E-01
  9.78552908302432E-05
 -8.81933731836756E-01
  1.00664224453139E-01
  7.98539368391019E-02
 -4.93669523219706E-01
  5.65405649059943E-02
  4.07031777244505E-02
 -4.53963671888268E-01
 -5.43115885875039E-01
  5.19431879103184E-03
 -3.43664712269038E-02
 -9.71076255058654E-01
  3.88420387809154E-03
  3.80754675707634E-03
 -2.83587914153620E-01
 -7.11134841543403E-01
 -2.55834276415769E-01
  5.37990904215825E-02
  3.18185237617533E-02
 -9.16723939687353E-01
 -4.53794056714889E-01
 -3.97294040481747E-01
 -6.31139777518645E-01
 -2.13978530660439E-01
 -2.47793505752668E-01
  1.97450700848702E-01
 -8.61806900914202E-02
  3.90643080890053E-02
 -7.82533025881320E-01
  4.56155934482920E-02
 -1.28256808058987E-01
  1.67261181687517E-02
  1.90716094534864E-03
  1.72208156360146E-01
 -6.22924552236079E-01
 -9.73377540972771E-01
  1.54398505273566E-02
  2.80156673494464E-02
 -4.06723259160244E-01
 -2.32548385985236E-01
  2.05808293547920E-01
 -2.08589828483825E-01
  2.62527593024560E-03
 -9.32420581475432E-01
 -4.56777514106829E-01
  1.06933032621246E-01
 -9.03463648805338E-01
  1.03467622516461E-01
  7.91654481612003E-02
  4.80670587152589E-02
 -1.92159243410603E-01
 -1.65617294051892E-01
  9.58574616186968E-02
  1.11816635027690E-01
 -8.03031785534469E-01
 -5.80317027134669E-01
 -7.16835924922850E-01
 -8.28347939028135E-01
  5.62880897589066E-02
  1.05448018667046E-01
 -6.49435741870314E-02
  1.78544350443829E-02
  1.26591004483035E-01
  1.62407508202758E-01
 -9.56202549820303E-01
 -1.16949091520057E-01
  2.37895903695426E-01
  2.85610812281351E-04
 -8.57451900731646E-01
  1.77809803890546E-03
  1.32511915541988E-01
 -9.39367353475209E-02
 -6.49456994439665E-01
 -5.47987762917894E-02
  2.75114579027271E-02
 -5.12529274017279E-01
 -2.48150702264274E-02
 -5.74588090343706E-01
 -8.32611497118313E-01
  2.28464614388115E-02
  1.52619001221123E-01
  2.55292059398531E-03
 -4.54210165663391E-01
 -6.21964138781438E-01
  6.56591232912178E-02
 -1.15096043833868E-01
  9.66857322188992E-02
 -8.42464192613648E-02
  1.11378664709430E-01
 -8.14750208899029E-01
  4.83270908683878E-02
  1.14743209296837E-01
  1.60208448431310E-01
  2.12223575588670E-01
 -1.40610639123624E-01
 -6.90022407413034E-01
  6.06831572660441E-04
 -9.14910971368301E-02
  2.13558943304570E-02
 -5.60804988483640E-01
 -9.77538377357318E-01
 -9.20715673217224E-01
 -7.63538100934122E-01
  2.72471431515727E-04
  2.46421284809351E-01
 -7.79383261156037E-01
  1.55829384407113E-01
 -1.31692116287759E-01
 -4.90513179051240E-01
 -9.97691555302648E-01
 -4.89309259539672E-03
 -6.36658118288190E-01
 -3.26836037228626E-01
  7.14507931451201E-03
  1.51491545125155E-02
  2.43269686438678E-01
  7.84272398884272E-02
  6.87537510062549E-03
  1.78760900865387E-03
  2.08334533729074E-02
  1.11361118525305E-01
 -6.16702671859823E-01
 -1.49799467999503E-01
  3.46749849219652E-09
 -9.65494715795481E-01
  1.99490190705313E-01
  6.72724985201207E-02
 -6.40959304930150E-01
 -5.86433239915656E-01
  1.46126452699297E-01
  1.82664997100077E-02
  1.95132434363426E-02
 -7.04259579366759E-01
  1.16539372145854E-01
  3.94648024684346E-05
 -7.79991440925940E-01
  9.82180507829130E-02
 -8.90178786215312E-01
 -3.78584811873276E-01
 -1.83686761394736E-01
 -9.97968755714220E-01
 -5.22608243042765E-01
  2.20956297221895E-03
  2.74929869905910E-02
  1.65498821233427E-01
  2.23246356377513E-01
  1.09627198781900E-01
  1.81730410273373E-01
  1.05362787850087E-01
 -7.42707804889804E-01
 -5.61234622268626E-01
 -1.28564543672148E-01
  7.40680046820723E-03
 -3.62617515589498E-01
 -3.30851975698198E-01
  2.04326035354008E-01
 -6.34871415955627E-01
 -2.39278500582669E-01
  1.66094291815959E-01
  4.32562161224006E-03
  1.47307136753202E-01
  7.02904722802002E-02
  3.34154699602574E-02
  2.57112476981344E-02
  6.08178333364772E-03
  2.48259006320697E-01
  1.59154572525945E-01
  1.04197896679427E-01
  2.04615563945457E-01
 -2.62374358771925E-01
  1.20488563913810E-02
 -2.28079801400631E-01
 -8.99813251557748E-01
  3.96934150329839E-03
 -9.10491204545008E-01
 -7.28919145161306E-01
 -6.27402341534786E-01
  2.13757607959557E-01
 -6.69898081476066E-01
  1.68134585570429E-01
  3.54718341045564E-02
  5.64367248467973E-02
  1.04482003101495E-01
  2.11531218603676E-01
  1.09633110964493E-01
  1.80593828789533E-01
  2.13256772070905E-01
 -2.81989955261812E-01
  1.22226926371539E-01
 -9.82599719440308E-01
  1.28060156678326E-01
  2.53504598872036E-03
  8.99007529572824E-02
  7.42364511136873E-02
  1.79200306611256E-01
  2.71897975875283E-02
  1.21275615481342E-01
 -8.31248369432860E-01
  1.66737763888253E-01
  2.45827548432603E-02
  1.36019327864074E-01
  1.39603998181351E-05
 -4.93047978566011E-01
  8.70408467937929E-02
 -5.34701565496980E-01
  1.75200118504124E-02
  7.30873939954261E-02
  4.81832554204372E-02
  1.43403108191674E-01
  1.92415214953395E-01
  6.82166610662710E-03
  1.12107397536298E-01
 -4.78501217078153E-03
 -7.00205422595694E-01
 -6.70661195252888E-01
 -3.24021871557265E-01
  1.12894115818872E-02
 -2.65753640691899E-02
  1.29310566464631E-01
 -6.38483065373712E-01
 -8.31164801610603E-01
  1.48691634868965E-01
 -1.68849376083434E-01
  1.67470746955411E-04
  1.15433022278593E-03
  1.06221412622073E-01
 -9.43518595758717E-02
  7.73554377429166E-04
  5.01769623870432E-02
 -8.69895876788958E-02
  4.36587460122627E-02
 -9.42662363967208E-01
  2.24234405819724E-01
 -3.93287853589135E-01
 -5.66729290937105E-01
  2.49324604118597E-01
 -7.21545160492254E-01
 -9.95428419607204E-01
  3.88776005141850E-02
  1.77132383470708E-01
  1.84881861691972E-02
  1.64515777479585E-01
 -3.93300923190325E-02
 -1.31925544180522E-02
  4.90194994202867E-02
  1.39221005477933E-01
  1.39586952395281E-02
  4.11060216540685E-02
  5.27978258028577E-02
 -4.13077669990743E-01
 -8.51357758276293E-01
  1.53691417147514E-03
  2.10181446324202E-01
 -9.77333355689537E-01
 -5.79967169538584E-01
 -1.11412432704372E-02
  9.36310215001594E-02
 -2.53379272067848E-01
  2.58861854014475E-02
 -3.30745694458573E-01
  1.66819584755034E-01
 -6.14597650151919E-01
  2.30734688967712E-03
  2.45734477854530E-02
 -6.91314097687411E-01
  5.13696146471527E-02
 -1.90057569835653E-01
  2.26522832889858E-02
 -3.07713690587766E-01
 -9.73796878655900E-01
  2.27314363434058E-01
  1.11273681890190E-02
 -5.96582699579969E-01
  1.67321884234733E-02
  6.31470027640144E-02
  1.21021031543250E-01
  9.26275734446423E-03
  1.24969744577675E-01
 -3.75134459645782E-01
  2.18125941918143E-01
  3.16750819139521E-02
 -6.35059660538926E-01
  2.28297743187246E-03
  8.19747016852904E-02
  2.28347477871588E-01
 -6.91738167919157E-01
  1.77805946929508E-01
  1.87550664387247E-01
 -8.23961121462665E-01
 -5.47161102442995E-01
 -5.95799738997313E-01
 -8.45428387252200E-01
  1.60633066254608E-01
  5.56027816808671E-02
  1.32780762641542E-03
 -7.44055660801469E-01
 -5.11743118318303E-01
 -9.96888401590566E-01
 -6.04128846344176E-01
 -8.21328978797623E-01
 -7.76866727016087E-01
  1.27223462978516E-01
  2.50578518768019E-03
  2.61373764590261E-03
 -1.20297555674832E-01
 -8.03060453061147E-01
 -1.95727006094820E-01
  7.67719775330261E-02
  1.23942413807193E-01
 -7.73359000144007E-01
  4.56473066064937E-02
 -7.86137531592659E-01
 -7.33406118705283E-01
  1.37370110726658E-01
  9.71270899973468E-04
 -1.56110720945661E-01
 -4.58426155207676E-01
  1.50257093521483E-01
 -9.88107560485452E-01
  1.73936917669345E-02
 -4.74646578977986E-01
  2.18375443179148E-03
  2.67704970023232E-02
 -1.24249010799905E-01
 -2.60097110506854E-01
 -6.73056042180259E-01
 -9.27639944599139E-01
  1.99671201014176E-01
 -2.51383367187435E-01
  2.00340633630712E-01
  1.42344341821795E-02
  9.96810661445978E-04
  1.96218571760364E-02
  1.47604065450115E-01
 -7.89474432783486E-01
  2.20554091213955E-04
  6.65634997431458E-02
  8.26584665502470E-02
 -9.61035140963068E-01
  2.41163054039635E-01
  2.20743906510702E-01
  1.15932042981360E-01
 -3.14939688348302E-01
 -2.40278531368017E-01
  1.45654994796578E-01
  1.03836321980185E-03
  1.28028606873250E-01
 -8.00650981015027E-01
 -1.32844733040385E-01
 -6.95186575671511E-01
 -6.78296481278939E-01
  6.62464647369883E-02
  1.96175130905181E-01
  7.12442726894578E-03
 -6.44679738457048E-01
 -2.69277976477845E-01
  1.30642910133862E-01
 -5.13286488358575E-01
 -8.14722675076575E-01
  1.42346433834782E-01
 -5.72718791363986E-01
 -9.67370735976583E-01
 -4.51915392658810E-01
 -7.49925956724766E-02
 -1.08230481910108E-01
  1.32196539310233E-01
 -1.46610372522159E-01
 -8.36300375993092E-01
 -6.60159875308031E-01
  6.56733313443885E-03
  2.38867634421012E-01
  1.56666769934920E-01
  3.47894563869974E-02
 -6.80457448351038E-01
  6.18395892105292E-02
 -2.55248201485460E-01
  3.42113393226648E-02
  1.89282496617406E-01
  1.64019597096119E-01
 -2.66525552270969E-01
  2.70549957139457E-02
  2.26863472765041E-03
 -5.49596650014164E-01
 -8.21036136430109E-01
  8.40612924067359E-02
 -5.97859660343885E-01
 -1.53095322203479E-01
  3.52816051511324E-02
  1.52727912204678E-01
 -3.30707148902945E-01
 -9.48784215321736E-01
  1.43396244924406E-01
  1.70081956288920E-01
  7.87863727551241E-02
  1.09899840207686E-01
  1.99549949054069E-01
  5.27073858090738E-02
 -2.61468986674861E-01
 -2.43039296530378E-01
  1.21170504931440E-01
 -1.80857863004080E-01
  1.11034930419351E-02
 -6.70470287055029E-01
 -7.71026116320589E-01
 -6.55005135912698E-01
 -1.17304838917188E-01
  2.11651705035361E-01
 -7.91327854531128E-01
  1.37454187498975E-01
 -1.33514911158727E-01
  1.95943099963423E-01
  1.23367008354104E-01
  1.81300930867826E-02
  1.35019095747628E-01
 -6.10744242475196E-01
 -6.28863887188963E-01
  4.55295326917428E-04
 -4.83536058227331E-01
 -6.50971790621337E-01
 -8.64635301363099E-02
